750
431
712
908
391
19
298
11
510 511
6 8
77
805 806
183 185
38
575
802
139
550
99 101
873 876
455 458
233
358
35
460
496 498
289 290
997
367
302
559
531
313
401 402
91 93
832 833
539
210
245
148
411
96 97
457
415 417
273 280
834 835
145
768
993 995
49 51
816 817
277
254
181
22
775
441
368 371
259 262
200 204
716 717
249 250
78
286
103
294
517 518
7
614
176
28
871 872
94 95
285 288
474 475
114 115
808 810
179
191 195
861 862
71 72
125
951
570
241
329
347
98
140
46 47
675 676
243 244
423
756
620 622
48
688
714 715
23
567
596
251
109
820
677
144 146
252 253
202
599 600
718
86 88
472
261
924
89
300
393
225
153 155
231 234
161 162
438 443
281
335 336
660 661
422 424
127
217
553 558
512 513
452 454
168 169
40 44
481 482
936
635 636
41
433
34
20 26
581 582
197
60
9
509
557
644
309
536
147 150
929 930
66 67
627
723
499
532
149
546
203
21
860
866 868
572 573
840 841
740 744
451
745
220
25
602
29
765 769
610
118 119
325
638
937 940
27 30
343 344
466 469
818 824
483
154
70
246 248
337 338
436
196
409 410
359 363
131 133
564 566
825 828
500
647
561
87
223 224
484 487
413 414
416
332
387
138 143
14
13
606
230
497
275
533
728
504
375 376
364
956 957
403 405
255
247
671
328
795 796
543 544
629
626
893
10 12
156 157
537 542
855
382 383
134 137
982 984
788 789
187
774 781
83
618 619
81
450
228
467
194
63
505
113
494 495
583 585
899
111
80 82
771
560
216
476 478
45
609 612
272
301
488
736
211
287
846 847
939
5
434 437
166
296
479
50
365 366
921
485
803
312
173 175
198 199
238 242
319
258
107
212
624 625
311
447 449
270 271
265
516
4
167
799
453
129 130
386 388
299
525 527
90
314
52 53
668 670
912 915
407 408
735 737
266 269
863
201
121
372 373
759 760
352
761
24
260
92
514
222
480
604
663
870
31 32
151 152
844
823
120
889
316
615 617
54 55
864
339 341
947 949
105 108
226 227
470 471
464 465
857 858
707
462
384 385
719
440
3
576
62
0 2
996 999
738
39
135
853 856
850
681 683
214 215
209
777
812
116 117
324 327
274
189
724
887
126 128
594
830
502
468
158 160
351
268
435
932 934
923
323
193
994
916 918
729
746
106
793 794
942
381
848
174
704
279
178
839
74
100
826
493
551
348
439
813 814
229
256 257
283
732
565
184
755
616
75
945 946
690
665 666
305
76 79
17
990 991
463
727
613
73
800 801
43
459 461
334
356
933
297 304
836
706
888
702
648
292
1
192
642
263 264
36 37
208
645
569
490 492
370
159
577 578
637 643
809
710 711
428 432
628 630
694
112
132
276
42
753 758
906
164
515
678
747
15 18
412
584
501 503
894 897
655
941 943
369
545 547
345 350
588
84 85
975
705 709
506
303
267
692
282
404
879 881
377
232
317
357
278
219
741
611
977 979
530
123 124
734
526
240
389
239
180 182
837 838
607 608
662 664
205
374
349
528 529
822
142
362
985 988
141
122
508
406
446
136
673 674
523 524
568 571
926
754
601 603
110
293
400
574
807
540
346
378
695 696
586 587
354
743
170
320
102 104
684 685
236 237
987
64 65
730
308
641
992
489
910 911
361
778
340
284
342
360
473
592
421
394 395
330 331
477
33
597
321 322
163 165
353 355
815
964
605
867
520
177
549
654
784
646
442
213
16
787
519
235
396
448
682
486
691
623
397
950
898 901
785
186
430
333
429
326
667
904 909
687
379
679
819
658
507
206 207
669
865
306 307
713
742
556
591
791
757
958 960
961 965
57 58
579 580
859
722
978
649
725
907
554
456
900
749 750
548 552
962
444 445
762 763
555
541
880
922
693
621
656
849
639
919 920
739
380
878
829
804
720 721
811
420
886
708
672
686 689
831
766
874
772
652
538
640
821
589 590
680
398 399
697 698
973 974
188 190
534 535
895
779
963
845
726 731
59 61
390 392
751 752
935
315
218 221
733
896
764
955
780
633 634
425
792
931
869
651 653
884 885
426 427
786
650
852
948
986
842
790
969
593
56
827
971
562 563
890
843
851
631 632
913
882 883
925
938
970
972
954
998
917
976
491
521 522
748
891 892
701 703
776
171 172
291 295
877
767
595 598
902 903
959
914
657 659
944
310 318
875
966
983
952 953
418 419
967 968
770 773
905
854
989
68 69
699 700
782 783
797 798
927 928
980 981
